136 226
0 CCHP 834 636
1 HUMP 478 624
2 WATR 540 128
3 FSDI 506 485
4 HAPG 875 639
5 ARSAGAS 586 141
6 SINF 375 531
7 ARMY 979 89
8 DUNC 1010 707
9 ARKU2 355 234
10 MEMH2 940 101
11 AGRI 757 130
12 AGRX 743 76
13 RCED 671 797
14 GEAR 880 383
15 CHPN1 922 500
16 GRAD 1055 101
17 PDTF 382 611
18 NANO 1118 508
19 YOCM 477 713
20 HAPI 802 737
21 CENA 829 781
22 GREG 474 485
23 AOPS 1132 15
24 SUST 723 604
25 BUS 577 35
26 HPER 192 689
27 POST 443 185
28 FNAR 475 357
29 GLAD2 388 665
30 SDPG1 399 357
31 JBAR 187 499
32 SDPG2 360 361
33 COGT1 665 400
34 Bus 1069 48
35 OTHS 828 819
36 KASF 1195 512
37 FSFC 99 551
38 KIMP 621 489
39 HUNT 439 76
40 BELL 951 501
41 CORD1 872 148
42 PHYS 865 498
43 ROSE 627 58
44 MULN 706 235
45 LCAF 394 732
46 RSWE 12 278
47 ADMN 334 73
48 GRAD1 1057 156
49 GIBX 581 438
50 MEEG 765 493
51 MUSC 644 344
52 CHBC 710 389
53 PTSC 793 109
54 IDPA 186 621
55 COGT2 668 463
56 WTRT 801 636
57 CARN 1131 89
58 HOEC 635 128
59 FBAC 140 152
60 HEAT 817 495
61 RSEA 267 288
62 MSPG 185 769
63 BUCH 405 756
64 ARKU1 474 279
65 BLCA1 293 615
66 DUNF 1010 764
67 SWCP 297 702
68 WALK 800 234
69 UNST 477 336
70 DUNA 977 645
71 BLCA2 218 621
72 BAND 472 401
73 DUND 984 792
74 CUPS 835 583
75 GIBS 520 486
76 SAEF 422 795
77 CHEM 756 310
78 MEMH1 880 84
79 HILL 721 492
80 FERR 866 432
81 CHPN2 954 565
82 WCOB 572 717
83 MAIN 877 233
84 LSAD 592 72
85 WJWH 744 648
86 GLAD1 432 657
87 ENGR 1011 504
88 DISC 806 380
89 SCEN 866 469
90 WAHR 359 394
91 CORD2 949 144
92 FPAC 426 136
93 JBHT 667 492
94 DUNB 980 693
95 Bus2 939 15
96 FNDR 576 563
97 LMK100 292 559
98 LMK101 287 420
99 LMK102 823 114
100 LMK103 24 151
101 LMK104 176 566
102 LMK105 1022 88
103 LMK106 1025 44
104 LMK107 941 43
105 LMK108 471 425
106 LMK109 437 431
107 LMK110 410 439
108 LMK111 367 462
109 LMK112 755 100
110 LMK113 659 119
111 LMK114 358 291
112 LMK115 442 687
113 LMK116 454 624
114 LMK117 981 145
115 LMK118 980 167
116 LMK119 255 151
117 LMK120 262 21
118 LMK121 168 542
119 LMK122 166 503
120 LMK123 11 444
121 LMK124 50 430
122 LMK125 81 447
123 LMK126 167 456
124 LMK127 208 430
125 LMK128 479 756
126 LMK129 569 759
127 LMK130 188 644
128 LMK131 217 644
129 LMK132 190 669
130 LMK133 217 668
131 LMK134 1080 102
132 LMK135 1086 71
133 LMK136 1130 35
134 LMK137 704 115
135 LMK138 144 22
90 32
65 67
40 15
8 66
7 16
97 98
68 83
81 70
11 99
99 78
89 42
7 10
26 54
3 49
30 28
28 69
72 69
69 64
35 20
55 93
11 58
43 58
58 53
53 41
30 28
28 72
40 81
69 28
84 2
47 92
92 2
4 85
28 72
33 52
59 100
77 88
5 41
41 48
19 76
41 68
101 97
79 50
11 53
7 102
102 103
103 104
104 95
21 13
96 82
73 66
32 9
72 105
105 106
106 107
107 108
108 90
33 88
108 6
64 69
79 93
95 34
20 21
77 68
74 0
39 92
87 18
60 42
62 26
109 11
11 110
53 78
68 14
109 11
22 3
34 16
85 21
10 7
45 63
53 58
17 29
60 50
9 61
25 84
54 71
11 58
58 43
5 84
51 77
35 21
85 20
90 111
111 9
83 14
86 112
112 113
113 1
27 92
91 114
114 115
115 48
13 21
2 5
39 2
116 117
18 36
59 116
72 69
79 24
7 16
1 19
90 108
108 107
107 106
106 105
105 28
8 73
53 58
58 43
43 58
58 11
11 99
99 41
31 37
37 118
118 119
28 64
28 30
42 15
49 96
52 51
34 23
94 66
46 120
120 121
121 122
122 123
123 124
124 98
98 61
6 17
10 91
70 8
52 77
94 8
17 22
40 87
24 56
13 35
94 73
19 125
125 126
126 82
70 66
116 61
27 9
54 127
127 128
128 71
33 51
83 77
80 89
21 85
52 88
54 129
129 130
130 71
23 34
34 16
43 58
34 103
103 102
102 7
20 35
43 58
58 53
53 10
77 44
70 94
16 131
131 132
132 57
95 133
133 23
12 134
134 58
58 43
11 99
99 41
14 80
44 68
31 54
43 58
58 12
97 65
53 41
11 109
53 11
11 53
77 14
85 35
57 23
44 51
21 35
0 56
43 58
58 53
70 4
47 39
90 108
108 107
107 106
106 105
105 28
29 45
85 4
76 63
135 59
38 75
70 73
88 14
35 13
38 93
39 84
11 99
99 78
118 101
